Combined incidence matrix I

	T1 T1 T1 T1 T1 T1 T1 T1 T1 T1 T2 T2 T2 T2 T3 T3 T3 T3 T3 T3
Pm1     0,-1, 0, 1, 0, 0, 0, 0, 0, 0, 0, 0, 0, 0, 0, 0, 0, 0, 0, 0
Pm2	0, 0, 0, 0, 0,-1, 0, 1, 0, 0, 0,-1, 1, 0, 0, 0, 0, 0, 0, 0
Pm3	0, 0,-1, 0, 1, 0, 0, 0, 0, 0, 0, 0, 0, 0, 0, 0, 0,-1, 1, 0
Pm4	0, 0, 0, 0, 0, 0,-1, 0, 1, 0, 0, 0, 0, 0, 0,-1, 1, 0, 0, 0
Pr1	-1,1, 1, 0, 0, 0, 0, 0, 0, 0, 0, 0, 0, 0, 0, 0, 0, 0,-1, 1
Pr2	0, 0, 0,-1,-1, 1, 1, 0, 0, 0,-1, 1,-1, 1, 0, 0,-1, 1, 0, 0
Pr3	0, 0, 0, 0, 0, 0, 0,-1,-1, 1, 0, 0, 0, 0,-1, 1, 0, 0, 0, 0
P10	-1,0, 0, 0, 0, 0, 0, 0, 0, 1, 0, 0, 0, 0, 0, 0, 0, 0, 0, 0
P11	1,-1,-1, 0, 0, 0, 0, 0, 0, 0, 0, 0, 0, 0, 0, 0, 0, 0, 0, 0
P12	0, 1, 0,-1, 0, 0, 0, 0, 0, 0, 0, 0, 0, 0, 0, 0, 0, 0, 0, 0
P13	0, 0, 1, 0,-1, 0, 0, 0, 0, 0, 0, 0, 0, 0, 0, 0, 0, 0, 0, 0
P14	0, 0, 0, 1, 0,-1, 0, 0, 0, 0, 0, 0, 0, 0, 0, 0, 0, 0, 0, 0
P15	0, 0, 0, 0, 1, 0,-1, 0, 0, 0, 0, 0, 0, 0, 0, 0, 0, 0, 0, 0
P16	0, 0, 0, 0, 0, 1, 0,-1, 0, 0, 0, 0, 0, 0, 0, 0, 0, 0, 0, 0
P17	0, 0, 0, 0, 0, 0, 1, 0,-1, 0, 0, 0, 0, 0, 0, 0, 0, 0, 0, 0
P18	0, 0, 0, 0, 0, 0, 0, 1, 1,-1, 0, 0, 0, 0, 0, 0, 0, 0, 0, 0
P20	0, 0, 0, 0, 0, 0, 0, 0, 0, 0,-1, 0, 0, 1, 0, 0, 0, 0, 0, 0
P21	0, 0, 0, 0, 0, 0, 0, 0, 0, 0, 1,-1, 0, 0, 0, 0, 0, 0, 0, 0
P22	0, 0, 0, 0, 0, 0, 0, 0, 0, 0, 0, 1,-1, 0, 0, 0, 0, 0, 0, 0
P23	0, 0, 0, 0, 0, 0, 0, 0, 0, 0, 0, 0, 1,-1, 0, 0, 0, 0, 0, 0
P30	0, 0, 0, 0, 0, 0, 0, 0, 0, 0, 0, 0, 0, 0,-1, 0, 0, 0, 0, 1
P31	0, 0, 0, 0, 0, 0, 0, 0, 0, 0, 0, 0, 0, 0, 1,-1, 0, 0, 0, 0
P32	0, 0, 0, 0, 0, 0, 0, 0, 0, 0, 0, 0, 0, 0, 0, 1,-1, 0, 0, 0
P33	0, 0, 0, 0, 0, 0, 0, 0, 0, 0, 0, 0, 0, 0, 0, 0, 1,-1, 0, 0
P34	0, 0, 0, 0, 0, 0, 0, 0, 0, 0, 0, 0, 0, 0, 0, 0, 0, 1,-1, 0
P35	0, 0, 0, 0, 0, 0, 0, 0, 0, 0, 0, 0, 0, 0, 0, 0, 0, 0, 1,-1
P00	-1,1, 0, 0, 0, 0, 0, 0, 1, 0, 0, 0, 0, 0,-1, 0, 1, 0, 0, 0
P01	-1,1, 0, 0, 1, 0, 0, 0, 0, 0, 0, 0, 0, 0,-1, 0, 0, 0, 1, 0
P02	0, 0, 0, 0, 0, 0, 0, 0, 0, 0,-1, 0, 1, 0, 0, 0, 0, 0, 0, 0
P03	0, 0, 0,-1, 0, 1, 0, 0, 0, 0, 0,-1, 1, 0, 0, 0, 0, 0, 0, 0

{0,-1, 0, 1, 0, 0, 0, 0, 0, 0, 0, 0, 0, 0, 0, 0, 0, 0, 0, 0},
{0, 0, 0, 0, 0,-1, 0, 1, 0, 0, 0,-1, 1, 0, 0, 0, 0, 0, 0, 0},
{0, 0,-1, 0, 1, 0, 0, 0, 0, 0, 0, 0, 0, 0, 0, 0, 0,-1, 1, 0},
{0, 0, 0, 0, 0, 0,-1, 0, 1, 0, 0, 0, 0, 0, 0,-1, 1, 0, 0, 0},
{-1,1, 1, 0, 0, 0, 0, 0, 0, 0, 0, 0, 0, 0, 0, 0, 0, 0,-1, 1},
{0, 0, 0,-1,-1, 1, 1, 0, 0, 0,-1, 1,-1, 1, 0, 0,-1, 1, 0, 0},
{0, 0, 0, 0, 0, 0, 0,-1,-1, 1, 0, 0, 0, 0,-1, 1, 0, 0, 0, 0},
{-1,0, 0, 0, 0, 0, 0, 0, 0, 1, 0, 0, 0, 0, 0, 0, 0, 0, 0, 0},
{1,-1,-1, 0, 0, 0, 0, 0, 0, 0, 0, 0, 0, 0, 0, 0, 0, 0, 0, 0},
{0, 1, 0,-1, 0, 0, 0, 0, 0, 0, 0, 0, 0, 0, 0, 0, 0, 0, 0, 0},
{0, 0, 1, 0,-1, 0, 0, 0, 0, 0, 0, 0, 0, 0, 0, 0, 0, 0, 0, 0},
{0, 0, 0, 1, 0,-1, 0, 0, 0, 0, 0, 0, 0, 0, 0, 0, 0, 0, 0, 0},
{0, 0, 0, 0, 1, 0,-1, 0, 0, 0, 0, 0, 0, 0, 0, 0, 0, 0, 0, 0},
{0, 0, 0, 0, 0, 1, 0,-1, 0, 0, 0, 0, 0, 0, 0, 0, 0, 0, 0, 0},
{0, 0, 0, 0, 0, 0, 1, 0,-1, 0, 0, 0, 0, 0, 0, 0, 0, 0, 0, 0},
{0, 0, 0, 0, 0, 0, 0, 1, 1,-1, 0, 0, 0, 0, 0, 0, 0, 0, 0, 0},
{0, 0, 0, 0, 0, 0, 0, 0, 0, 0,-1, 0, 0, 1, 0, 0, 0, 0, 0, 0},
{0, 0, 0, 0, 0, 0, 0, 0, 0, 0, 1,-1, 0, 0, 0, 0, 0, 0, 0, 0},
{0, 0, 0, 0, 0, 0, 0, 0, 0, 0, 0, 1,-1, 0, 0, 0, 0, 0, 0, 0},
{0, 0, 0, 0, 0, 0, 0, 0, 0, 0, 0, 0, 1,-1, 0, 0, 0, 0, 0, 0},
{0, 0, 0, 0, 0, 0, 0, 0, 0, 0, 0, 0, 0, 0,-1, 0, 0, 0, 0, 1},
{0, 0, 0, 0, 0, 0, 0, 0, 0, 0, 0, 0, 0, 0, 1,-1, 0, 0, 0, 0},
{0, 0, 0, 0, 0, 0, 0, 0, 0, 0, 0, 0, 0, 0, 0, 1,-1, 0, 0, 0},
{0, 0, 0, 0, 0, 0, 0, 0, 0, 0, 0, 0, 0, 0, 0, 0, 1,-1, 0, 0},
{0, 0, 0, 0, 0, 0, 0, 0, 0, 0, 0, 0, 0, 0, 0, 0, 0, 1,-1, 0},
{0, 0, 0, 0, 0, 0, 0, 0, 0, 0, 0, 0, 0, 0, 0, 0, 0, 0, 1,-1},
{-1,1, 0, 0, 0, 0, 0, 0, 1, 0, 0, 0, 0, 0,-1, 0, 1, 0, 0, 0},
{-1,1, 0, 0, 1, 0, 0, 0, 0, 0, 0, 0, 0, 0,-1, 0, 0, 0, 1, 0},
{0, 0, 0, 0, 0, 0, 0, 0, 0, 0,-1, 0, 1, 0, 0, 0, 0, 0, 0, 0},
{0, 0, 0,-1, 0, 1, 0, 0, 0, 0, 0,-1, 1, 0, 0, 0, 0, 0, 0, 0}

	Pm1	Pm2	Pm3	Pm4	Pr1	Pr2	Pr3	P10	P11	P12	P13	P14	P15	P16	P17	P18	P20	P21	P22	P23	P30	P31	P32	P33	P34	P35	P00	P01	P02	P03
T10	0	0	0	0	-1	0	0	-1	1	0	0	0	0	0	0	0	0	0	0	0	0	0	0	0	0	0	-1	-1	0	0
T11	-1	0	0	0	1	0	0	0	-1	1	0	0	0	0	0	0	0	0	0	0	0	0	0	0	0	0	1	1	0	0
T12	0	0	-1	0	1	0	0	0	-1	0	1	0	0	0	0	0	0	0	0	0	0	0	0	0	0	0	0	0	0	0
T13	1	0	0	0	0	-1	0	0	0	-1	0	1	0	0	0	0	0	0	0	0	0	0	0	0	0	0	0	0	0	-1
T14	0	0	1	0	0	-1	0	0	0	0	-1	0	1	0	0	0	0	0	0	0	0	0	0	0	0	0	0	1	0	0
T15	0	-1	0	0	0	1	0	0	0	0	0	-1	0	1	0	0	0	0	0	0	0	0	0	0	0	0	0	0	0	1
T16	0	0	0	-1	0	1	0	0	0	0	0	0	-1	0	1	0	0	0	0	0	0	0	0	0	0	0	0	0	0	0
T17	0	1	0	0	0	0	-1	0	0	0	0	0	0	-1	0	1	0	0	0	0	0	0	0	0	0	0	0	0	0	0
T18	0	0	0	1	0	0	-1	0	0	0	0	0	0	0	-1	1	0	0	0	0	0	0	0	0	0	0	1	0	0	0
T19	0	0	0	0	0	0	1	1	0	0	0	0	0	0	0	-1	0	0	0	0	0	0	0	0	0	0	0	0	0	0
T21	0	0	0	0	0	-1	0	0	0	0	0	0	0	0	0	0	-1	1	0	0	0	0	0	0	0	0	0	0	-1	0
T22	0	-1	0	0	0	1	0	0	0	0	0	0	0	0	0	0	0	-1	1	0	0	0	0	0	0	0	0	0	0	-1
T23	0	1	0	0	0	-1	0	0	0	0	0	0	0	0	0	0	0	0	-1	1	0	0	0	0	0	0	0	0	1	1
T24	0	0	0	0	0	1	0	0	0	0	0	0	0	0	0	0	1	0	0	-1	0	0	0	0	0	0	0	0	0	0
T31	0	0	0	0	0	0	-1	0	0	0	0	0	0	0	0	0	0	0	0	0	-1	1	0	0	0	0	-1	-1	0	0
T32	0	0	0	-1	0	0	1	0	0	0	0	0	0	0	0	0	0	0	0	0	0	-1	1	0	0	0	0	0	0	0
T33	0	0	0	1	0	-1	0	0	0	0	0	0	0	0	0	0	0	0	0	0	0	0	-1	1	0	0	1	0	0	0
T34	0	0	-1	0	0	1	0	0	0	0	0	0	0	0	0	0	0	0	0	0	0	0	0	-1	1	0	0	0	0	0
T35	0	0	1	0	-1	0	0	0	0	0	0	0	0	0	0	0	0	0	0	0	0	0	0	0	-1	1	0	1	0	0
T36	0	0	0	0	1	0	0	0	0	0	0	0	0	0	0	0	0	0	0	0	1	0	0	0	0	-1	0	0	0	0

{0,	0,	0,	0,	-1,	0,	0,	-1,	1,	0,	0,	0,	0,	0,	0,	0,	0,	0,	0,	0,	0,	0,	0,	0,	0,	0,	-1,	-1,	0,	0},
{-1,	0,	0,	0,	1,	0,	0,	0,	-1,	1,	0,	0,	0,	0,	0,	0,	0,	0,	0,	0,	0,	0,	0,	0,	0,	0,	1,	1,	0,	0},
{0,	0,	-1,	0,	1,	0,	0,	0,	-1,	0,	1,	0,	0,	0,	0,	0,	0,	0,	0,	0,	0,	0,	0,	0,	0,	0,	0,	0,	0,	0},
{1,	0,	0,	0,	0,	-1,	0,	0,	0,	-1,	0,	1,	0,	0,	0,	0,	0,	0,	0,	0,	0,	0,	0,	0,	0,	0,	0,	0,	0,	-1},
{0,	0,	1,	0,	0,	-1,	0,	0,	0,	0,	-1,	0,	1,	0,	0,	0,	0,	0,	0,	0,	0,	0,	0,	0,	0,	0,	0,	1,	0,	0},
{0,	-1,	0,	0,	0,	1,	0,	0,	0,	0,	0,	-1,	0,	1,	0,	0,	0,	0,	0,	0,	0,	0,	0,	0,	0,	0,	0,	0,	0,	1},
{0,	0,	0,	-1,	0,	1,	0,	0,	0,	0,	0,	0,	-1,	0,	1,	0,	0,	0,	0,	0,	0,	0,	0,	0,	0,	0,	0,	0,	0,	0},
{0,	1,	0,	0,	0,	0,	-1,	0,	0,	0,	0,	0,	0,	-1,	0,	1,	0,	0,	0,	0,	0,	0,	0,	0,	0,	0,	0,	0,	0,	0},
{0,	0,	0,	1,	0,	0,	-1,	0,	0,	0,	0,	0,	0,	0,	-1,	1,	0,	0,	0,	0,	0,	0,	0,	0,	0,	0,	1,	0,	0,	0},
{0,	0,	0,	0,	0,	0,	1,	1,	0,	0,	0,	0,	0,	0,	0,	-1,	0,	0,	0,	0,	0,	0,	0,	0,	0,	0,	0,	0,	0,	0},
{0,	0,	0,	0,	0,	-1,	0,	0,	0,	0,	0,	0,	0,	0,	0,	0,	-1,	1,	0,	0,	0,	0,	0,	0,	0,	0,	0,	0,	-1,	0},
{0,	-1,	0,	0,	0,	1,	0,	0,	0,	0,	0,	0,	0,	0,	0,	0,	0,	-1,	1,	0,	0,	0,	0,	0,	0,	0,	0,	0,	0,	-1},
{0,	1,	0,	0,	0,	-1,	0,	0,	0,	0,	0,	0,	0,	0,	0,	0,	0,	0,	-1,	1,	0,	0,	0,	0,	0,	0,	0,	0,	1,	1},
{0,	0,	0,	0,	0,	1,	0,	0,	0,	0,	0,	0,	0,	0,	0,	0,	1,	0,	0,	-1,	0,	0,	0,	0,	0,	0,	0,	0,	0,	0},
{0,	0,	0,	0,	0,	0,	-1,	0,	0,	0,	0,	0,	0,	0,	0,	0,	0,	0,	0,	0,	-1,	1,	0,	0,	0,	0,	-1,	-1,	0,	0},
{0,	0,	0,	-1,	0,	0,	1,	0,	0,	0,	0,	0,	0,	0,	0,	0,	0,	0,	0,	0,	0,	-1,	1,	0,	0,	0,	0,	0,	0,	0},
{0,	0,	0,	1,	0,	-1,	0,	0,	0,	0,	0,	0,	0,	0,	0,	0,	0,	0,	0,	0,	0,	0,	-1,	1,	0,	0,	1,	0,	0,	0},
{0,	0,	-1,	0,	0,	1,	0,	0,	0,	0,	0,	0,	0,	0,	0,	0,	0,	0,	0,	0,	0,	0,	0,	-1,	1,	0,	0,	0,	0,	0},
{0,	0,	1,	0,	-1,	0,	0,	0,	0,	0,	0,	0,	0,	0,	0,	0,	0,	0,	0,	0,	0,	0,	0,	0,	-1,	1,	0,	1,	0,	0},
{0,	0,	0,	0,	1,	0,	0,	0,	0,	0,	0,	0,	0,	0,	0,	0,	0,	0,	0,	0,	1,	0,	0,	0,	0,	-1,	0,	0,	0,	0}


0	-1	0	1	0	0	0	0	0	0	0	0	0	0	0	0	0	0	0	0
0	0	0	0	0	-1	0	1	0	0	0	-1	1	0	0	0	0	0	0	0
0	0	-1	0	1	0	0	0	0	0	0	0	0	0	0	0	0	-1	1	0
0	0	0	0	0	0	-1	0	1	0	0	0	0	0	0	-1	1	0	0	0
-1	1	1	0	0	0	0	0	0	0	0	0	0	0	0	0	0	0	-1	1
0	0	0	-1	-1	1	1	0	0	0	-1	1	-1	1	0	0	-1	1	0	0
0	0	0	0	0	0	0	-1	-1	1	0	0	0	0	-1	1	0	0	0	0
-1	0	0	0	0	0	0	0	0	1	0	0	0	0	0	0	0	0	0	0
1	-1	-1	0	0	0	0	0	0	0	0	0	0	0	0	0	0	0	0	0
0	1	0	-1	0	0	0	0	0	0	0	0	0	0	0	0	0	0	0	0
0	0	1	0	-1	0	0	0	0	0	0	0	0	0	0	0	0	0	0	0
0	0	0	1	0	-1	0	0	0	0	0	0	0	0	0	0	0	0	0	0
0	0	0	0	1	0	-1	0	0	0	0	0	0	0	0	0	0	0	0	0
0	0	0	0	0	1	0	-1	0	0	0	0	0	0	0	0	0	0	0	0
0	0	0	0	0	0	1	0	-1	0	0	0	0	0	0	0	0	0	0	0
0	0	0	0	0	0	0	1	1	-1	0	0	0	0	0	0	0	0	0	0
0	0	0	0	0	0	0	0	0	0	-1	0	0	1	0	0	0	0	0	0
0	0	0	0	0	0	0	0	0	0	1	-1	0	0	0	0	0	0	0	0
0	0	0	0	0	0	0	0	0	0	0	1	-1	0	0	0	0	0	0	0
0	0	0	0	0	0	0	0	0	0	0	0	1	-1	0	0	0	0	0	0
0	0	0	0	0	0	0	0	0	0	0	0	0	0	-1	0	0	0	0	1
0	0	0	0	0	0	0	0	0	0	0	0	0	0	1	-1	0	0	0	0
0	0	0	0	0	0	0	0	0	0	0	0	0	0	0	1	-1	0	0	0
0	0	0	0	0	0	0	0	0	0	0	0	0	0	0	0	1	-1	0	0
0	0	0	0	0	0	0	0	0	0	0	0	0	0	0	0	0	1	-1	0
0	0	0	0	0	0	0	0	0	0	0	0	0	0	0	0	0	0	1	-1
-1	1	0	0	0	0	0	0	1	0	0	0	0	0	-1	0	1	0	0	0
-1	1	0	0	1	0	0	0	0	0	0	0	0	0	-1	0	0	0	1	0
0	0	0	0	0	0	0	0	0	0	-1	0	1	0	0	0	0	0	0	0
0	0	0	-1	0	1	0	0	0	0	0	-1	1	0	0	0	0	0	0	0